                   2             11             27             28        29  \
count  126837.000000  126837.000000  126837.000000  126837.000000  126837.0   
mean        0.004257       0.002759       0.258615       0.321034       1.0   
std         0.065110       0.052458       0.437876       0.466876       0.0   
min         0.000000       0.000000       0.000000       0.000000       1.0   
25%         0.000000       0.000000       0.000000       0.000000       1.0   
50%         0.000000       0.000000       0.000000       0.000000       1.0   
75%         0.000000       0.000000       1.000000       1.000000       1.0   
max         1.000000       1.000000       1.000000       1.000000       1.0   

                  30        31        32             33             34  \
count  126837.000000  126837.0  126837.0  126837.000000  126837.000000   
mean        0.993298       1.0       1.0       0.100365       0.993298   
std         0.081588       0.0       0.0       0.300487       0.081588   
min         0.000000       1.0       1.0       0.000000       0.000000   
25%         1.000000       1.0       1.0       0.000000       1.000000   
50%         1.000000       1.0       1.0       0.000000       1.000000   
75%         1.000000       1.0       1.0       0.000000       1.000000   
max         1.000000       1.0       1.0       1.000000       1.000000   

           ...                   52             53             54  \
count      ...        126837.000000  126837.000000  126837.000000   
mean       ...             0.005905       0.001009       0.330274   
std        ...             0.076618       0.031752       0.470314   
min        ...             0.000000       0.000000       0.000000   
25%        ...             0.000000       0.000000       0.000000   
50%        ...             0.000000       0.000000       0.000000   
75%        ...             0.000000       0.000000       1.000000   
max        ...             1.000000       1.000000       1.000000   

                  55             59             60             62  \
count  126837.000000  126837.000000  126837.000000  126837.000000   
mean        0.813170     119.139917      77.993330       0.028304   
std         0.389777     127.803014      82.071603       0.165841   
min         0.000000      -3.000000      -1.000000       0.000000   
25%         1.000000      24.000000      16.000000       0.000000   
50%         1.000000      78.000000      52.000000       0.000000   
75%         1.000000     166.900000     110.000000       0.000000   
max         1.000000     694.000000     435.000000       1.000000   

                  63             64          label  
count  126837.000000  126837.000000  126837.000000  
mean        0.021997       0.000662      -0.121849  
std         0.146673       0.025726       0.992553  
min         0.000000       0.000000      -1.000000  
25%         0.000000       0.000000      -1.000000  
50%         0.000000       0.000000      -1.000000  
75%         0.000000       0.000000       1.000000  
max         1.000000       1.000000       1.000000  

[8 rows x 37 columns]
